"b_SambucusNigra_2s";209562.648;9754.991;10.970;54.411;0.000;0.000;1.113
"b_CorylusAvellana_1f";209334.908;8187.086;3.500;141.975;0.000;0.000;1.155
"b_SambucusNigra_2s";201176.961;3569.281;1.330;41.167;0.000;0.000;0.880
"b_RosaCanina_1s";209155.417;5898.036;12.270;215.278;0.000;0.000;0.766
"b_RosaCanina_1s";209135.498;8576.922;11.310;96.777;0.000;0.000;0.744
"b_CorylusAvellana_1f";206419.793;4894.429;12.770;144.701;0.000;0.000;0.913
"b_CorylusAvellana_1f";207365.471;7766.716;3.950;45.044;0.000;0.000;1.082
"b_RosaCanina_1s";207336.598;7692.399;9.980;180.410;0.000;0.000;0.890
"b_CorylusAvellana_1f";206084.051;3837.598;13.530;2.711;0.000;0.000;0.834
"b_SambucusNigra_2s";202608.757;3319.697;4.650;303.710;0.000;0.000;1.119
"b_SambucusNigra_2s";208014.406;6112.310;13.680;277.982;0.000;0.000;1.155
"b_CorylusAvellana_1f";200678.667;3677.290;10.810;125.958;0.000;0.000;0.904
"b_RosaCanina_1s";202148.709;4052.567;8.510;117.097;0.000;0.000;0.755
"b_RosaCanina_1s";205535.112;4200.271;12.650;298.918;0.000;0.000;0.860
"b_RosaCanina_1s";205030.467;4402.555;8.250;299.994;0.000;0.000;1.155
"b_CorylusAvellana_1f";209493.625;6158.022;7.510;173.245;0.000;0.000;0.757
"b_SambucusNigra_2s";208029.419;5920.619;10.640;340.202;0.000;0.000;0.798
"b_CorylusAvellana_1f";202522.729;3236.612;13.510;100.188;0.000;0.000;0.824
"b_SambucusNigra_2s";205403.056;6910.085;1.990;306.864;0.000;0.000;1.151
"b_RosaCanina_1s";208634.947;5703.925;8.300;175.522;0.000;0.000;1.012
"b_RosaCanina_1s";204873.064;4438.403;11.140;120.687;0.000;0.000;1.003
"b_CorylusAvellana_1f";201416.212;3717.104;6.550;86.700;0.000;0.000;0.956
"b_RosaCanina_1s";208211.440;7981.050;2.890;324.717;0.000;0.000;1.077
"b_SambucusNigra_2s";203126.022;4952.869;2.080;170.841;0.000;0.000;0.756
"b_SambucusNigra_2s";206593.546;4498.277;1.910;118.800;0.000;0.000;1.046
"b_CorylusAvellana_1f";206325.922;4209.133;6.330;29.751;0.000;0.000;1.041
"b_RosaCanina_1s";203843.457;6065.650;5.540;317.826;0.000;0.000;0.762
"b_RosaCanina_1s";207640.071;5152.614;11.640;57.165;0.000;0.000;0.966
"b_SambucusNigra_2s";208242.945;5864.332;7.000;134.539;0.000;0.000;0.743
"b_RosaCanina_1s";209469.893;8358.955;3.710;189.925;0.000;0.000;0.788
"b_RosaCanina_1s";202479.179;3265.906;14.810;328.720;0.000;0.000;1.078
"b_SambucusNigra_2s";209489.952;6276.466;6.640;342.645;0.000;0.000;0.928
"b_SambucusNigra_2s";209671.297;6293.769;9.670;270.467;0.000;0.000;0.711
"b_RosaCanina_1s";209462.204;9148.038;2.810;252.164;0.000;0.000;0.856
"b_CorylusAvellana_1f";203270.577;4952.770;12.150;267.425;0.000;0.000;0.911
"b_CorylusAvellana_1f";209406.690;8470.734;5.720;192.193;0.000;0.000;0.980
"b_RosaCanina_1s";206532.596;4779.057;2.630;165.200;0.000;0.000;1.125
"b_RosaCanina_1s";202566.994;3138.872;7.940;326.955;0.000;0.000;0.956
"b_RosaCanina_1s";201483.371;3441.323;6.410;149.587;0.000;0.000;0.855
"b_CorylusAvellana_1f";209529.923;9851.606;8.280;273.801;0.000;0.000;0.982
"b_SambucusNigra_2s";203045.516;4883.652;9.220;106.062;0.000;0.000;1.005
"b_SambucusNigra_2s";209081.107;7812.629;1.510;167.303;0.000;0.000;0.938
"b_SambucusNigra_2s";203347.424;5083.946;5.800;176.813;0.000;0.000;0.982
"b_CorylusAvellana_1f";206041.496;4739.131;11.120;2.361;0.000;0.000;0.727
"b_CorylusAvellana_1f";203606.003;5173.478;2.900;309.321;0.000;0.000;0.908
"b_CorylusAvellana_1f";209980.335;10067.816;11.650;323.605;0.000;0.000;0.728
"b_RosaCanina_1s";207453.233;5144.278;14.480;329.368;0.000;0.000;0.884
"b_RosaCanina_1s";209275.067;8309.312;3.020;281.141;0.000;0.000;0.739
"b_SambucusNigra_2s";202536.997;3283.864;12.270;151.080;0.000;0.000;0.911
"b_CorylusAvellana_1f";209257.420;8968.706;8.930;122.923;0.000;0.000;1.077
"b_CorylusAvellana_1f";209271.759;7497.326;2.280;330.757;0.000;0.000;0.940
"b_CorylusAvellana_1f";209250.636;9030.232;11.420;104.497;0.000;0.000;0.752
"b_RosaCanina_1s";203715.539;5566.773;5.600;216.835;0.000;0.000;0.921
"b_RosaCanina_1s";202921.079;3565.254;5.500;319.747;0.000;0.000;1.104
"b_CorylusAvellana_1f";202591.069;3196.538;4.040;218.905;0.000;0.000;0.979
"b_SambucusNigra_2s";204809.870;6582.098;10.870;245.173;0.000;0.000;0.946
"b_SambucusNigra_2s";208934.323;8357.130;6.430;204.448;0.000;0.000;1.122
"b_CorylusAvellana_1f";206804.295;7441.404;1.030;115.849;0.000;0.000;0.842
"b_CorylusAvellana_1f";203062.392;3694.874;7.740;250.447;0.000;0.000;0.843
"b_RosaCanina_1s";209745.206;6474.364;10.450;118.812;0.000;0.000;0.927
"b_RosaCanina_1s";203067.766;4888.408;7.910;114.276;0.000;0.000;1.200
"b_CorylusAvellana_1f";203738.283;3862.360;3.540;65.805;0.000;0.000;0.855
"b_SambucusNigra_2s";208635.762;8012.156;12.890;4.231;0.000;0.000;0.912
"b_SambucusNigra_2s";202351.289;4514.047;2.910;19.944;0.000;0.000;1.070
"b_SambucusNigra_2s";209402.525;6733.472;14.090;336.825;0.000;0.000;0.785
"b_RosaCanina_1s";206566.064;4783.423;7.840;208.496;0.000;0.000;1.018
"b_CorylusAvellana_1f";203629.167;3865.264;12.910;325.036;0.000;0.000;0.783
"b_SambucusNigra_2s";202583.609;4810.555;1.240;118.992;0.000;0.000;0.804
"b_SambucusNigra_2s";209160.046;7537.759;14.860;49.870;0.000;0.000;0.868
"b_SambucusNigra_2s";209559.538;6541.051;9.040;132.668;0.000;0.000;0.939
"b_SambucusNigra_2s";209647.565;6481.338;9.090;52.447;0.000;0.000;0.859
"b_SambucusNigra_2s";208970.499;7968.394;12.400;230.891;0.000;0.000;1.096
"b_RosaCanina_1s";201449.558;3650.667;5.400;128.418;0.000;0.000;0.888
"b_SambucusNigra_2s";205539.997;4224.117;14.490;194.547;0.000;0.000;0.915
"b_SambucusNigra_2s";209138.963;8702.950;5.590;95.403;0.000;0.000;1.009
"b_CorylusAvellana_1f";209563.958;9339.792;11.080;85.540;0.000;0.000;0.831
"b_CorylusAvellana_1f";209728.003;10067.553;10.040;23.047;0.000;0.000;1.176
"b_SambucusNigra_2s";208831.636;9066.360;13.110;349.417;0.000;0.000;0.870
"b_RosaCanina_1s";202982.438;4964.845;3.270;267.279;0.000;0.000;0.918
"b_RosaCanina_1s";202312.853;4233.418;10.780;190.103;0.000;0.000;1.150
"b_CorylusAvellana_1f";202531.368;3185.670;12.140;298.346;0.000;0.000;1.139
"b_SambucusNigra_2s";208751.646;9145.062;8.370;122.481;0.000;0.000;1.143
"b_SambucusNigra_2s";203131.967;4865.475;11.770;335.874;0.000;0.000;0.956
"b_SambucusNigra_2s";209171.048;7545.359;10.970;111.494;0.000;0.000;0.746
"b_SambucusNigra_2s";200650.592;3632.760;7.880;56.602;0.000;0.000;0.818
"b_CorylusAvellana_1f";209992.576;10007.837;12.080;175.196;0.000;0.000;0.927
"b_SambucusNigra_2s";200873.815;3618.647;10.940;79.526;0.000;0.000;0.784
"b_SambucusNigra_2s";207828.088;7737.652;14.330;319.023;0.000;0.000;0.966
"b_RosaCanina_1s";209328.195;6017.974;11.990;317.852;0.000;0.000;1.014
"b_SambucusNigra_2s";208755.572;8131.309;5.450;115.474;0.000;0.000;1.113
"b_SambucusNigra_2s";206085.558;7187.093;2.580;282.723;0.000;0.000;0.819
"b_CorylusAvellana_1f";208168.666;5993.803;11.470;113.343;0.000;0.000;1.178
"b_RosaCanina_1s";209061.919;8521.420;8.260;282.935;0.000;0.000;1.175
"b_CorylusAvellana_1f";207493.319;5137.227;9.480;84.367;0.000;0.000;0.819
"b_RosaCanina_1s";208499.374;8030.525;8.670;291.196;0.000;0.000;0.952
"b_RosaCanina_1s";209531.229;9626.321;3.240;107.227;0.000;0.000;0.720
"b_SambucusNigra_2s";209141.423;8548.247;12.980;61.475;0.000;0.000;1.196
"b_RosaCanina_1s";209566.908;9748.136;11.310;242.717;0.000;0.000;0.976
"b_CorylusAvellana_1f";209649.808;6474.899;11.140;80.030;0.000;0.000;0.720
"b_SambucusNigra_2s";202645.484;4636.838;14.860;262.983;0.000;0.000;1.029
"b_CorylusAvellana_1f";209067.223;7919.057;1.860;259.701;0.000;0.000;1.023
"b_CorylusAvellana_1f";209076.132;8015.792;3.790;131.182;0.000;0.000;1.177
"b_RosaCanina_1s";208313.521;8008.482;3.780;118.471;0.000;0.000;1.065
"b_CorylusAvellana_1f";203732.694;5981.917;4.100;267.969;0.000;0.000;0.824
"b_RosaCanina_1s";209415.923;6092.504;3.090;171.528;0.000;0.000;1.111
"b_CorylusAvellana_1f";202779.046;4927.762;9.410;91.956;0.000;0.000;1.174
"b_CorylusAvellana_1f";209536.582;9751.582;8.570;283.432;0.000;0.000;0.731
"b_RosaCanina_1s";209188.672;5901.344;11.030;132.227;0.000;0.000;1.186
"b_SambucusNigra_2s";208974.955;7736.198;10.730;92.738;0.000;0.000;0.866
"b_SambucusNigra_2s";209322.951;8375.468;4.370;38.071;0.000;0.000;0.717
"b_CorylusAvellana_1f";209354.127;8234.862;5.890;187.985;0.000;0.000;0.914
"b_RosaCanina_1s";206061.972;4507.352;13.030;246.853;0.000;0.000;0.886
"b_RosaCanina_1s";209857.515;9474.686;6.400;90.280;0.000;0.000;1.088
"b_CorylusAvellana_1f";209476.305;8337.131;2.830;201.782;0.000;0.000;0.792
"b_CorylusAvellana_1f";204890.482;4493.850;12.650;268.611;0.000;0.000;1.191
"b_CorylusAvellana_1f";208162.449;7918.260;5.190;68.244;0.000;0.000;1.020
"b_CorylusAvellana_1f";207712.766;5123.450;13.490;198.845;0.000;0.000;0.963
"b_SambucusNigra_2s";209331.453;8261.326;5.910;99.460;0.000;0.000;0.782
"b_CorylusAvellana_1f";209568.382;6605.459;2.900;197.791;0.000;0.000;1.195
"b_SambucusNigra_2s";209272.074;5942.386;9.810;136.016;0.000;0.000;0.706
"b_SambucusNigra_2s";201374.004;3620.571;9.010;97.761;0.000;0.000;0.717
"b_RosaCanina_1s";202489.076;4581.519;3.020;103.917;0.000;0.000;1.027
"b_RosaCanina_1s";201835.602;3314.587;6.260;231.336;0.000;0.000;1.009
"b_CorylusAvellana_1f";206140.488;3686.473;6.380;21.044;0.000;0.000;1.170
"b_SambucusNigra_2s";209034.793;7789.565;5.270;346.019;0.000;0.000;0.923
"b_SambucusNigra_2s";209201.893;5888.270;7.060;131.048;0.000;0.000;0.825
"b_SambucusNigra_2s";204909.637;4527.533;14.370;230.949;0.000;0.000;0.958
"b_CorylusAvellana_1f";201761.467;3314.892;6.790;223.927;0.000;0.000;0.791
"b_RosaCanina_1s";209321.990;9077.818;14.390;57.686;0.000;0.000;1.148
"b_RosaCanina_1s";205915.759;7132.746;2.570;121.972;0.000;0.000;0.762
"b_RosaCanina_1s";209691.285;9688.539;12.930;93.803;0.000;0.000;1.093
"b_SambucusNigra_2s";209217.189;8535.903;12.120;259.419;0.000;0.000;1.105
"b_CorylusAvellana_1f";202584.043;4702.147;3.770;161.889;0.000;0.000;0.960
"b_SambucusNigra_2s";201854.685;3246.138;5.020;61.505;0.000;0.000;0.989
"b_RosaCanina_1s";209192.190;8567.128;9.370;58.118;0.000;0.000;1.059
"b_RosaCanina_1s";200619.803;3824.797;6.240;15.609;0.000;0.000;1.029
"b_RosaCanina_1s";204650.995;4346.148;7.960;3.524;0.000;0.000;1.189
"b_SambucusNigra_2s";208302.753;5859.164;9.390;267.194;0.000;0.000;1.175
"b_CorylusAvellana_1f";209606.899;6605.599;1.440;320.008;0.000;0.000;0.995
"b_CorylusAvellana_1f";208112.315;5932.008;9.470;294.266;0.000;0.000;0.917
"b_SambucusNigra_2s";206416.170;4070.588;13.770;0.658;0.000;0.000;1.190
"b_SambucusNigra_2s";209181.744;5885.645;7.730;195.689;0.000;0.000;0.882
"b_RosaCanina_1s";206417.134;4886.069;9.870;233.037;0.000;0.000;0.893
"b_RosaCanina_1s";207004.603;7339.839;14.680;165.963;0.000;0.000;0.938
"b_SambucusNigra_2s";205037.359;6679.834;8.190;303.975;0.000;0.000;1.144
"b_SambucusNigra_2s";209626.045;9453.510;6.820;270.333;0.000;0.000;0.844
"b_RosaCanina_1s";209089.456;8490.329;13.740;137.641;0.000;0.000;0.786
"b_SambucusNigra_2s";209607.763;9840.219;14.750;88.447;0.000;0.000;1.027
"b_RosaCanina_1s";208512.007;5693.176;3.400;12.343;0.000;0.000;1.192
"b_CorylusAvellana_1f";209220.928;8963.342;8.250;263.352;0.000;0.000;0.978
"b_SambucusNigra_2s";204450.118;4271.393;1.080;107.109;0.000;0.000;0.754
"b_SambucusNigra_2s";209768.440;9653.379;7.040;156.278;0.000;0.000;0.777
"b_CorylusAvellana_1f";209449.976;8264.864;3.950;59.047;0.000;0.000;1.113
"b_CorylusAvellana_1f";208793.586;5717.985;11.020;72.852;0.000;0.000;0.827
"b_SambucusNigra_2s";208933.245;8260.802;10.440;225.704;0.000;0.000;0.801
"b_CorylusAvellana_1f";206012.647;7129.396;4.300;172.204;0.000;0.000;1.043
"b_RosaCanina_1s";202693.934;4963.258;3.270;131.095;0.000;0.000;0.988
"b_SambucusNigra_2s";202853.025;3556.141;2.940;108.492;0.000;0.000;1.115
"b_RosaCanina_1s";209466.151;6114.586;4.880;115.564;0.000;0.000;0.986
"b_RosaCanina_1s";205023.489;4428.150;10.750;313.563;0.000;0.000;1.124
"b_SambucusNigra_2s";206985.213;7397.066;11.330;252.335;0.000;0.000;0.831
"b_RosaCanina_1s";203052.929;3723.372;14.020;92.857;0.000;0.000;0.914
"b_RosaCanina_1s";205007.030;6699.228;3.310;276.516;0.000;0.000;1.085
"b_SambucusNigra_2s";202731.787;4840.570;14.370;139.981;0.000;0.000;1.003
"b_CorylusAvellana_1f";209583.335;9083.874;3.250;296.938;0.000;0.000;1.082
"b_SambucusNigra_2s";209623.404;9657.550;8.050;287.520;0.000;0.000;1.023
"b_RosaCanina_1s";206403.233;4142.113;10.710;312.731;0.000;0.000;0.807
"b_CorylusAvellana_1f";205204.958;6725.746;14.420;222.561;0.000;0.000;0.953
"b_CorylusAvellana_1f";206204.764;3635.766;1.490;69.749;0.000;0.000;0.715
"b_CorylusAvellana_1f";209753.065;6553.076;3.220;339.368;0.000;0.000;1.031
"b_CorylusAvellana_1f";208796.100;8255.075;4.310;66.973;0.000;0.000;0.709
"b_CorylusAvellana_1f";209927.535;6529.004;3.130;5.844;0.000;0.000;1.021
"b_RosaCanina_1s";204735.805;6593.165;4.030;314.847;0.000;0.000;0.899
"b_CorylusAvellana_1f";204704.221;4101.432;3.560;319.327;0.000;0.000;0.965
"b_CorylusAvellana_1f";209456.819;6162.656;8.040;125.848;0.000;0.000;0.865
"b_CorylusAvellana_1f";203786.179;6021.478;4.400;21.404;0.000;0.000;1.042
"b_SambucusNigra_2s";208281.583;8035.634;1.100;286.686;0.000;0.000;0.821
"b_SambucusNigra_2s";207203.254;7544.935;3.290;21.747;0.000;0.000;0.771
"b_RosaCanina_1s";203325.071;5121.747;2.840;137.357;0.000;0.000;0.962
"b_CorylusAvellana_1f";209778.810;6595.882;1.250;201.808;0.000;0.000;1.123
"b_SambucusNigra_2s";201076.917;3813.667;9.540;157.551;0.000;0.000;0.910
"b_RosaCanina_1s";209584.503;9633.052;6.540;6.030;0.000;0.000;1.070
"b_CorylusAvellana_1f";209211.381;8975.675;8.330;6.805;0.000;0.000;1.022
"b_RosaCanina_1s";201761.258;3281.583;3.130;127.643;0.000;0.000;0.723
"b_CorylusAvellana_1f";209603.496;10030.282;5.490;178.947;0.000;0.000;1.006
"b_SambucusNigra_2s";201142.423;3824.477;3.590;56.131;0.000;0.000;0.734
"b_RosaCanina_1s";209800.190;6228.245;2.750;292.515;0.000;0.000;1.156
"b_CorylusAvellana_1f";201901.707;4136.238;2.580;48.006;0.000;0.000;0.727
"b_RosaCanina_1s";202811.446;4943.693;8.660;281.869;0.000;0.000;1.173
"b_SambucusNigra_2s";209705.613;9204.132;14.710;209.691;0.000;0.000;0.799
"b_SambucusNigra_2s";209367.339;5890.131;5.870;113.272;0.000;0.000;0.915
"b_RosaCanina_1s";206064.267;3873.576;13.100;99.794;0.000;0.000;1.037
"b_CorylusAvellana_1f";202560.974;3183.428;8.030;217.114;0.000;0.000;0.845
"b_CorylusAvellana_1f";201243.623;3641.013;4.030;28.372;0.000;0.000;0.711
"b_CorylusAvellana_1f";209557.595;8978.429;2.410;201.677;0.000;0.000;0.754
"b_CorylusAvellana_1f";209588.130;9789.445;10.850;330.594;0.000;0.000;1.121
"b_SambucusNigra_2s";200832.318;3819.242;7.190;149.497;0.000;0.000;1.200
"b_CorylusAvellana_1f";209555.276;9325.074;9.750;167.482;0.000;0.000;1.120
"b_CorylusAvellana_1f";201259.192;3691.535;5.540;277.666;0.000;0.000;1.007
"b_SambucusNigra_2s";204318.950;4261.772;3.350;124.068;0.000;0.000;0.839
"b_RosaCanina_1s";207397.137;7658.580;12.300;304.738;0.000;0.000;0.960
"b_CorylusAvellana_1f";200700.164;3826.870;3.610;358.069;0.000;0.000;1.002
"b_CorylusAvellana_1f";202775.184;3531.439;9.530;282.488;0.000;0.000;1.182
"b_SambucusNigra_2s";208928.368;8370.595;4.220;337.618;0.000;0.000;0.725
"b_SambucusNigra_2s";208784.706;5675.145;6.890;8.538;0.000;0.000;0.931
"b_RosaCanina_1s";208823.315;9074.856;14.190;71.887;0.000;0.000;0.842
"b_RosaCanina_1s";209254.295;9011.953;11.450;107.064;0.000;0.000;0.885
"b_RosaCanina_1s";209059.120;7850.832;2.630;341.898;0.000;0.000;0.783
"b_CorylusAvellana_1f";209573.522;6526.976;9.620;155.708;0.000;0.000;1.127
"b_SambucusNigra_2s";201430.068;3747.278;5.540;215.024;0.000;0.000;1.013
"b_CorylusAvellana_1f";201411.696;3648.507;5.720;106.751;0.000;0.000;0.936
"b_CorylusAvellana_1f";201880.103;3325.625;8.810;62.214;0.000;0.000;1.173
"b_SambucusNigra_2s";205020.506;4376.998;4.530;168.035;0.000;0.000;0.761
"b_SambucusNigra_2s";208441.705;8008.715;10.380;329.962;0.000;0.000;0.969
"b_RosaCanina_1s";204241.430;4250.696;9.000;244.631;0.000;0.000;1.092
"b_RosaCanina_1s";205744.412;7087.589;2.560;121.993;0.000;0.000;0.883
"b_CorylusAvellana_1f";200748.182;3745.282;10.280;198.364;0.000;0.000;0.762
"b_SambucusNigra_2s";208235.139;7976.232;4.700;270.670;0.000;0.000;0.757
"b_SambucusNigra_2s";201843.992;3204.951;3.010;108.210;0.000;0.000;0.833
"b_SambucusNigra_2s";208826.367;9162.837;11.660;302.248;0.000;0.000;0.903
"b_CorylusAvellana_1f";203498.251;3846.659;8.730;49.502;0.000;0.000;0.906
"b_SambucusNigra_2s";204617.115;4343.521;9.690;229.116;0.000;0.000;0.915
"b_RosaCanina_1s";209877.653;6555.083;4.580;34.048;0.000;0.000;0.814
"b_CorylusAvellana_1f";209576.860;9795.129;9.490;71.366;0.000;0.000;0.851
"b_RosaCanina_1s";203018.363;4889.695;12.090;325.114;0.000;0.000;1.096
"b_RosaCanina_1s";209722.980;6482.910;9.590;319.410;0.000;0.000;0.742
"b_CorylusAvellana_1f";208882.029;5769.418;10.600;139.360;0.000;0.000;0.713
"b_CorylusAvellana_1f";209024.021;8552.856;3.770;122.802;0.000;0.000;0.877
"b_RosaCanina_1s";209300.894;8898.891;4.500;145.143;0.000;0.000;0.944
"b_RosaCanina_1s";201785.474;4118.641;1.460;119.940;0.000;0.000;0.771
"b_RosaCanina_1s";206252.795;4840.966;7.950;220.967;0.000;0.000;1.133
"b_SambucusNigra_2s";209370.326;5957.923;6.780;208.953;0.000;0.000;0.829
"b_RosaCanina_1s";204039.577;5984.354;2.130;227.099;0.000;0.000;0.960
"b_RosaCanina_1s";204038.582;4103.873;11.660;359.780;0.000;0.000;1.109
"b_CorylusAvellana_1f";209271.434;8677.674;3.570;142.945;0.000;0.000;0.736
"b_RosaCanina_1s";209556.038;9463.571;3.920;244.388;0.000;0.000;1.042
"b_RosaCanina_1s";206192.606;4821.127;7.790;110.103;0.000;0.000;1.124
"b_RosaCanina_1s";207049.633;7400.509;13.030;119.297;0.000;0.000;1.011
"b_CorylusAvellana_1f";209097.363;8618.898;7.600;80.944;0.000;0.000;1.072
"b_RosaCanina_1s";209975.126;6458.722;4.570;230.485;0.000;0.000;0.724
"b_RosaCanina_1s";210048.094;9935.964;5.830;186.454;0.000;0.000;0.771
"b_CorylusAvellana_1f";204807.400;4100.131;11.120;189.603;0.000;0.000;1.090
"b_CorylusAvellana_1f";200639.760;3613.728;2.800;230.242;0.000;0.000;1.103
"b_RosaCanina_1s";209867.944;9314.665;3.120;192.340;0.000;0.000;1.185
"b_SambucusNigra_2s";206690.681;4502.382;11.520;31.802;0.000;0.000;1.042
"b_RosaCanina_1s";209806.074;6541.110;3.990;341.937;0.000;0.000;0.925
"b_SambucusNigra_2s";202982.581;3579.263;2.920;217.912;0.000;0.000;0.783
"b_CorylusAvellana_1f";209303.702;8502.326;5.480;103.157;0.000;0.000;1.173
"b_RosaCanina_1s";206606.589;4276.061;6.380;110.250;0.000;0.000;1.167
"b_CorylusAvellana_1f";208075.542;5910.066;9.580;179.314;0.000;0.000;0.973
"b_RosaCanina_1s";209499.860;6319.324;12.370;176.498;0.000;0.000;0.755
"b_SambucusNigra_2s";206304.987;5014.278;14.570;341.335;0.000;0.000;0.716
"b_RosaCanina_1s";209859.545;6561.751;4.590;22.822;0.000;0.000;0.790
"b_SambucusNigra_2s";202691.937;4816.333;13.460;56.014;0.000;0.000;0.901
"b_CorylusAvellana_1f";209248.132;8351.005;6.350;55.401;0.000;0.000;0.736
"b_RosaCanina_1s";209232.072;8117.116;7.510;76.037;0.000;0.000;0.917
"b_SambucusNigra_2s";208828.726;5724.872;8.770;269.379;0.000;0.000;1.078
"b_CorylusAvellana_1f";203509.966;5171.191;1.860;154.937;0.000;0.000;0.796
"b_RosaCanina_1s";203909.509;3931.221;4.730;28.501;0.000;0.000;0.888
"b_CorylusAvellana_1f";209884.514;9645.564;1.270;56.143;0.000;0.000;1.114
"b_SambucusNigra_2s";208986.183;7729.927;10.940;319.137;0.000;0.000;0.758
"b_SambucusNigra_2s";209147.104;5770.202;1.890;13.734;0.000;0.000;1.070
"b_CorylusAvellana_1f";208538.669;8083.543;2.830;114.395;0.000;0.000;1.040
"b_RosaCanina_1s";209965.589;9868.169;13.420;129.847;0.000;0.000;0.957
"b_RosaCanina_1s";206367.901;4815.932;1.240;113.149;0.000;0.000;1.126
"b_RosaCanina_1s";208241.288;6014.307;13.640;339.051;0.000;0.000;0.764
"b_RosaCanina_1s";206147.623;7266.078;3.690;256.577;0.000;0.000;0.900
"b_RosaCanina_1s";202664.970;4854.811;7.490;14.450;0.000;0.000;1.181
"b_RosaCanina_1s";203714.576;5501.177;1.940;1.308;0.000;0.000;0.802
"b_CorylusAvellana_1f";209039.800;8367.326;11.850;195.301;0.000;0.000;1.115
"b_SambucusNigra_2s";204963.422;4396.380;7.470;274.089;0.000;0.000;0.971
"b_RosaCanina_1s";203478.910;5140.574;10.080;153.690;0.000;0.000;1.005
"b_RosaCanina_1s";209885.150;9732.410;11.810;152.395;0.000;0.000;0.757
"b_SambucusNigra_2s";208729.951;8150.419;2.740;65.591;0.000;0.000;1.036
"b_CorylusAvellana_1f";200729.084;3638.256;2.670;285.308;0.000;0.000;1.109
"b_RosaCanina_1s";205890.265;7074.713;7.050;241.886;0.000;0.000;0.905
"b_CorylusAvellana_1f";208151.027;5832.758;3.300;141.567;0.000;0.000;0.887
"b_RosaCanina_1s";202689.269;4912.061;5.650;270.572;0.000;0.000;0.956
"b_SambucusNigra_2s";200727.103;3730.540;8.070;14.902;0.000;0.000;1.071
"b_SambucusNigra_2s";208269.857;7962.532;5.980;78.003;0.000;0.000;0.962
"b_RosaCanina_1s";208918.943;8294.884;8.300;106.731;0.000;0.000;0.970
"b_CorylusAvellana_1f";203276.154;4974.067;8.910;73.766;0.000;0.000;0.982
"b_RosaCanina_1s";206840.976;7395.529;9.170;58.241;0.000;0.000;0.834
"b_CorylusAvellana_1f";209312.740;8507.865;5.320;74.888;0.000;0.000;1.019
"b_SambucusNigra_2s";206862.869;7393.048;9.740;3.517;0.000;0.000;1.082
"b_RosaCanina_1s";208964.696;7667.100;14.810;329.276;0.000;0.000;1.175
"b_SambucusNigra_2s";202358.648;4473.783;6.390;234.864;0.000;0.000;0.709
"b_SambucusNigra_2s";209032.723;7945.479;2.500;102.815;0.000;0.000;0.785
"b_CorylusAvellana_1f";200744.776;3774.491;9.330;166.584;0.000;0.000;1.189
"b_SambucusNigra_2s";202690.989;4872.995;8.420;135.326;0.000;0.000;0.933
"b_RosaCanina_1s";205940.349;7053.653;13.350;24.673;0.000;0.000;1.086
"b_CorylusAvellana_1f";208779.636;9141.385;11.250;116.256;0.000;0.000;0.970
"b_CorylusAvellana_1f";204127.752;4191.639;14.860;188.576;0.000;0.000;0.708
"b_SambucusNigra_2s";208803.568;8379.835;3.630;293.292;0.000;0.000;0.771
"b_CorylusAvellana_1f";209967.213;9950.811;14.450;277.977;0.000;0.000;0.953
"b_CorylusAvellana_1f";204719.962;3973.373;12.430;95.398;0.000;0.000;1.073
"b_RosaCanina_1s";209061.934;7712.307;5.750;60.396;0.000;0.000;0.925
"b_RosaCanina_1s";201811.670;4037.414;5.890;160.021;0.000;0.000;1.178
"b_SambucusNigra_2s";204773.762;4378.906;13.960;115.175;0.000;0.000;1.145
"b_RosaCanina_1s";206188.562;4758.234;1.130;167.040;0.000;0.000;1.111
"b_CorylusAvellana_1f";201694.428;3859.517;5.320;338.353;0.000;0.000;1.033
"b_RosaCanina_1s";206398.718;7357.496;7.130;295.093;0.000;0.000;1.168
"b_SambucusNigra_2s";208895.015;5789.556;12.890;147.592;0.000;0.000;1.194
"b_SambucusNigra_2s";207046.119;7418.728;11.180;262.376;0.000;0.000;0.736
"b_CorylusAvellana_1f";209846.117;9518.537;2.140;86.104;0.000;0.000;1.071
"b_CorylusAvellana_1f";207255.412;7599.145;1.730;214.243;0.000;0.000;0.832
"b_SambucusNigra_2s";207142.872;7537.821;1.920;0.196;0.000;0.000;0.877
"b_CorylusAvellana_1f";209474.126;8295.657;2.230;115.739;0.000;0.000;0.883
"b_CorylusAvellana_1f";209406.454;8522.340;3.350;247.702;0.000;0.000;1.028
"b_CorylusAvellana_1f";209278.473;8263.476;3.980;292.448;0.000;0.000;0.835
"b_SambucusNigra_2s";208671.690;5713.979;7.130;280.224;0.000;0.000;1.066
"b_CorylusAvellana_1f";209883.715;9748.037;12.710;114.582;0.000;0.000;1.042
"b_CorylusAvellana_1f";204721.593;6548.739;8.280;179.219;0.000;0.000;0.707
"b_RosaCanina_1s";209358.760;7114.834;11.520;55.417;0.000;0.000;0.937
"b_RosaCanina_1s";203283.554;4997.583;7.870;352.566;0.000;0.000;0.935
"b_RosaCanina_1s";209879.565;6305.002;3.890;352.679;0.000;0.000;0.840
"b_CorylusAvellana_1f";209247.518;7511.275;3.660;169.719;0.000;0.000;1.096
"b_CorylusAvellana_1f";207359.722;7683.013;9.970;340.602;0.000;0.000;0.786
"b_SambucusNigra_2s";209064.684;7801.584;3.090;314.154;0.000;0.000;1.057
"b_SambucusNigra_2s";202640.723;4722.181;12.870;53.880;0.000;0.000;1.061
"b_RosaCanina_1s";208268.086;7976.402;5.360;269.191;0.000;0.000;1.130
"b_RosaCanina_1s";209415.829;6765.234;11.210;154.118;0.000;0.000;1.190
"b_RosaCanina_1s";202861.028;5008.069;1.070;160.097;0.000;0.000;1.048
"b_SambucusNigra_2s";209742.775;9700.751;13.580;185.717;0.000;0.000;1.064
"b_RosaCanina_1s";204921.944;4392.899;8.010;27.429;0.000;0.000;1.119
"b_SambucusNigra_2s";202266.444;4207.116;4.540;175.654;0.000;0.000;1.189
"b_SambucusNigra_2s";208283.320;7900.835;9.210;331.272;0.000;0.000;1.040
"b_CorylusAvellana_1f";201799.220;3982.599;7.920;145.859;0.000;0.000;0.936
"b_CorylusAvellana_1f";209080.472;5822.995;5.250;12.721;0.000;0.000;0.788
"b_CorylusAvellana_1f";209206.540;8613.735;6.720;132.900;0.000;0.000;1.178
"b_CorylusAvellana_1f";208764.064;8333.437;5.470;347.409;0.000;0.000;0.716
"b_SambucusNigra_2s";207324.937;7707.332;2.290;166.784;0.000;0.000;0.904
"b_RosaCanina_1s";205029.950;4426.570;10.750;331.912;0.000;0.000;1.159
"b_CorylusAvellana_1f";208541.482;8994.196;5.380;126.784;0.000;0.000;1.048
"b_RosaCanina_1s";202243.818;4325.901;3.510;98.790;0.000;0.000;0.973
"b_SambucusNigra_2s";205927.802;7112.803;3.760;246.605;0.000;0.000;1.035
"b_RosaCanina_1s";201372.279;3602.638;13.400;116.637;0.000;0.000;0.873
"b_SambucusNigra_2s";208009.064;5832.939;9.310;32.058;0.000;0.000;0.971
"b_SambucusNigra_2s";208966.492;7831.774;12.810;38.745;0.000;0.000;1.028
"b_RosaCanina_1s";202691.164;4925.514;5.590;36.011;0.000;0.000;1.028
"b_SambucusNigra_2s";206064.374;7113.621;5.920;304.548;0.000;0.000;0.816
"b_SambucusNigra_2s";202334.220;3345.409;9.640;204.907;0.000;0.000;0.719
"b_SambucusNigra_2s";205106.796;6743.821;3.120;340.536;0.000;0.000;0.919
"b_CorylusAvellana_1f";208769.817;5705.278;11.700;6.108;0.000;0.000;0.792
"b_RosaCanina_1s";200511.359;3714.809;3.560;74.217;0.000;0.000;1.076
"b_RosaCanina_1s";208878.164;5699.326;5.160;133.452;0.000;0.000;0.830
"b_SambucusNigra_2s";208241.430;7936.274;7.370;304.921;0.000;0.000;0.736
"b_CorylusAvellana_1f";208806.135;9048.169;9.680;172.670;0.000;0.000;0.958
"b_SambucusNigra_2s";208061.402;5826.615;5.910;343.141;0.000;0.000;1.036
"b_SambucusNigra_2s";201572.056;3673.446;7.340;343.128;0.000;0.000;0.931
"b_CorylusAvellana_1f";204879.713;4425.005;10.850;306.342;0.000;0.000;1.010
"b_CorylusAvellana_1f";208123.198;5948.277;9.250;106.017;0.000;0.000;0.915
"b_SambucusNigra_2s";202647.004;4720.758;12.870;233.557;0.000;0.000;0.839
"b_CorylusAvellana_1f";200827.416;3828.427;5.300;300.562;0.000;0.000;1.130
"b_CorylusAvellana_1f";203765.790;5533.851;13.790;19.413;0.000;0.000;0.842
"b_SambucusNigra_2s";202920.678;4982.735;3.200;189.874;0.000;0.000;0.995
"b_CorylusAvellana_1f";208543.878;8967.855;6.760;257.644;0.000;0.000;1.090
"b_RosaCanina_1s";205195.815;6746.127;9.020;47.206;0.000;0.000;0.873
"b_RosaCanina_1s";203818.327;3958.645;13.760;15.748;0.000;0.000;0.855
"b_CorylusAvellana_1f";210036.683;10063.777;7.260;121.992;0.000;0.000;0.926
"b_SambucusNigra_2s";209744.266;9675.119;10.800;359.852;0.000;0.000;0.811
"b_CorylusAvellana_1f";209944.499;9853.968;14.460;256.270;0.000;0.000;0.821
"b_CorylusAvellana_1f";209056.345;7896.590;2.030;144.634;0.000;0.000;1.179
"b_CorylusAvellana_1f";206587.700;4295.480;5.730;347.400;0.000;0.000;0.802
"b_CorylusAvellana_1f";208185.235;7828.842;9.010;323.931;0.000;0.000;0.744
"b_RosaCanina_1s";208915.993;9030.732;1.990;198.559;0.000;0.000;1.180
"b_CorylusAvellana_1f";208920.040;9174.791;2.850;238.619;0.000;0.000;1.026
"b_CorylusAvellana_1f";207066.674;7485.868;3.420;194.927;0.000;0.000;0.849
"b_SambucusNigra_2s";209729.715;6223.003;4.520;248.560;0.000;0.000;1.009
"b_SambucusNigra_2s";205021.491;4356.933;2.280;325.817;0.000;0.000;0.876
"b_CorylusAvellana_1f";206539.501;7406.071;2.770;331.012;0.000;0.000;0.869
"b_SambucusNigra_2s";205526.114;7011.501;6.670;262.339;0.000;0.000;0.913
"b_CorylusAvellana_1f";207120.044;7428.936;12.520;330.699;0.000;0.000;1.196
"b_CorylusAvellana_1f";203742.175;5511.641;8.540;32.622;0.000;0.000;1.090
"b_CorylusAvellana_1f";208959.635;8358.724;6.520;33.791;0.000;0.000;1.042
"b_SambucusNigra_2s";208156.479;6110.510;14.380;302.524;0.000;0.000;0.708
"b_RosaCanina_1s";202409.890;3260.628;9.530;35.400;0.000;0.000;1.020
"b_SambucusNigra_2s";207132.082;7527.759;2.360;286.706;0.000;0.000;1.059
"b_RosaCanina_1s";201808.262;3331.263;10.820;157.760;0.000;0.000;1.192
"b_CorylusAvellana_1f";201322.294;3685.116;5.110;264.207;0.000;0.000;0.746
"b_RosaCanina_1s";206353.297;4140.444;13.840;329.293;0.000;0.000;1.169
"b_SambucusNigra_2s";207467.280;7641.970;9.010;235.795;0.000;0.000;0.923
"b_CorylusAvellana_1f";209185.265;5895.432;8.930;247.168;0.000;0.000;1.126
"b_SambucusNigra_2s";209128.895;8553.294;11.200;26.155;0.000;0.000;0.887
"b_RosaCanina_1s";209646.618;9461.438;7.660;57.625;0.000;0.000;0.906
"b_CorylusAvellana_1f";209890.959;6424.880;6.720;33.392;0.000;0.000;1.148
"b_CorylusAvellana_1f";208253.345;7997.719;3.770;280.855;0.000;0.000;0.997
"b_SambucusNigra_2s";208907.074;5704.397;3.770;68.041;0.000;0.000;0.900
"b_SambucusNigra_2s";205891.754;7101.445;3.640;35.610;0.000;0.000;1.132
"b_SambucusNigra_2s";209464.152;6769.973;2.480;299.476;0.000;0.000;0.796
"b_SambucusNigra_2s";209322.132;8390.228;4.390;264.172;0.000;0.000;0.703
"b_SambucusNigra_2s";209223.176;8320.273;11.660;31.164;0.000;0.000;1.031
"b_RosaCanina_1s";201710.632;3856.948;9.340;306.186;0.000;0.000;1.119
"b_RosaCanina_1s";207161.203;7518.940;3.780;128.186;0.000;0.000;0.948
"b_SambucusNigra_2s";204235.842;6279.114;3.160;90.957;0.000;0.000;0.909
"b_RosaCanina_1s";206660.763;4514.558;12.200;287.742;0.000;0.000;1.178
"b_CorylusAvellana_1f";209646.419;9650.826;8.000;52.185;0.000;0.000;1.056
"b_SambucusNigra_2s";205751.552;7066.673;5.340;332.592;0.000;0.000;0.753
"b_CorylusAvellana_1f";203197.201;4887.479;13.710;144.725;0.000;0.000;0.831
"b_RosaCanina_1s";202784.254;4911.925;11.120;28.772;0.000;0.000;0.893
"b_SambucusNigra_2s";210077.137;9885.281;1.090;58.629;0.000;0.000;1.057
"b_SambucusNigra_2s";203108.100;4923.970;3.350;326.148;0.000;0.000;0.707
"b_SambucusNigra_2s";203713.742;5675.675;10.140;355.472;0.000;0.000;0.904
"b_CorylusAvellana_1f";208777.746;5687.579;10.170;123.845;0.000;0.000;0.816
"b_RosaCanina_1s";202606.692;3295.023;2.150;302.905;0.000;0.000;1.187
"b_CorylusAvellana_1f";202669.248;4828.297;9.350;132.929;0.000;0.000;0.793
"b_RosaCanina_1s";204930.748;4479.300;12.510;100.202;0.000;0.000;1.196
"b_CorylusAvellana_1f";209698.021;6180.726;5.630;237.737;0.000;0.000;1.193
"b_RosaCanina_1s";209855.932;9448.459;9.310;338.512;0.000;0.000;1.024
"b_RosaCanina_1s";209115.455;8599.826;9.540;179.337;0.000;0.000;0.847
"b_RosaCanina_1s";207259.049;7468.810;13.600;149.379;0.000;0.000;1.185
"b_SambucusNigra_2s";208248.160;5954.956;12.530;74.793;0.000;0.000;1.039
"b_CorylusAvellana_1f";209557.937;6571.065;5.140;65.806;0.000;0.000;0.778
"b_CorylusAvellana_1f";208085.705;6077.779;12.740;327.246;0.000;0.000;1.156
"b_SambucusNigra_2s";208911.499;5760.311;8.090;101.933;0.000;0.000;0.919
"b_RosaCanina_1s";201643.701;3701.131;8.630;288.141;0.000;0.000;0.852
"b_SambucusNigra_2s";203770.248;5947.311;13.650;275.716;0.000;0.000;0.947
"b_RosaCanina_1s";208148.837;5951.055;9.240;90.117;0.000;0.000;1.057
"b_CorylusAvellana_1f";203515.418;3864.368;12.820;135.499;0.000;0.000;1.135
"b_SambucusNigra_2s";203717.934;5373.920;2.400;224.255;0.000;0.000;0.745
"b_SambucusNigra_2s";205713.454;4201.830;14.770;239.012;0.000;0.000;0.876
"b_RosaCanina_1s";203041.647;3672.168;9.610;31.514;0.000;0.000;0.973
"b_RosaCanina_1s";201821.641;3298.627;4.860;69.884;0.000;0.000;1.076
"b_RosaCanina_1s";209931.635;10049.070;14.140;112.555;0.000;0.000;0.887
"b_SambucusNigra_2s";209868.080;6347.971;5.300;305.056;0.000;0.000;0.809
"b_SambucusNigra_2s";201542.131;3748.196;3.820;38.451;0.000;0.000;1.173
"b_RosaCanina_1s";209107.878;8508.888;14.260;17.923;0.000;0.000;0.920
"b_RosaCanina_1s";202311.774;4406.257;7.840;171.192;0.000;0.000;1.105
"b_RosaCanina_1s";209534.278;9030.419;7.380;282.763;0.000;0.000;1.128
"b_SambucusNigra_2s";208116.777;5913.128;9.530;318.408;0.000;0.000;0.721
"b_CorylusAvellana_1f";203671.257;5656.707;2.940;351.599;0.000;0.000;0.787
"b_CorylusAvellana_1f";203801.254;3936.707;11.430;303.430;0.000;0.000;1.074
"b_RosaCanina_1s";209983.419;9747.890;6.270;258.295;0.000;0.000;0.720
"b_CorylusAvellana_1f";201394.664;3456.125;4.590;261.458;0.000;0.000;0.785
"b_CorylusAvellana_1f";203019.200;4962.692;2.260;308.471;0.000;0.000;0.915
"b_RosaCanina_1s";209215.654;8595.786;6.750;106.967;0.000;0.000;0.805
"b_CorylusAvellana_1f";201676.603;3879.627;1.670;181.450;0.000;0.000;0.719
"b_RosaCanina_1s";201749.940;3900.632;10.750;248.265;0.000;0.000;0.786
"b_CorylusAvellana_1f";209545.060;9962.919;9.650;185.867;0.000;0.000;0.965
"b_RosaCanina_1s";209599.517;9379.598;12.550;138.497;0.000;0.000;1.191
"b_SambucusNigra_2s";204784.164;4362.222;11.340;29.459;0.000;0.000;0.959
"b_SambucusNigra_2s";201330.341;3660.098;6.180;162.770;0.000;0.000;0.800
"b_SambucusNigra_2s";209278.564;8379.767;4.430;327.064;0.000;0.000;1.184
"b_SambucusNigra_2s";204644.054;6472.469;11.960;266.834;0.000;0.000;0.886
"b_SambucusNigra_2s";208939.370;8363.787;5.470;116.250;0.000;0.000;0.743
"b_SambucusNigra_2s";207732.408;5082.604;14.780;95.146;0.000;0.000;0.889
"b_RosaCanina_1s";210080.754;10004.634;1.190;126.012;0.000;0.000;1.184
"b_RosaCanina_1s";203477.932;3855.051;11.990;165.970;0.000;0.000;0.854
"b_CorylusAvellana_1f";209880.767;6499.045;6.670;205.063;0.000;0.000;0.841
"b_RosaCanina_1s";205231.996;6788.185;13.500;50.514;0.000;0.000;0.940
"b_CorylusAvellana_1f";208852.433;8343.571;4.590;291.245;0.000;0.000;0.714
"b_CorylusAvellana_1f";209779.151;6212.344;3.800;98.478;0.000;0.000;0.702
"b_RosaCanina_1s";205422.108;6940.112;1.730;249.369;0.000;0.000;1.169
"b_CorylusAvellana_1f";202710.969;4846.183;12.290;278.842;0.000;0.000;0.711
"b_CorylusAvellana_1f";204048.040;4041.167;1.780;124.259;0.000;0.000;1.105
"b_SambucusNigra_2s";203938.056;6007.356;4.860;165.218;0.000;0.000;0.967
"b_SambucusNigra_2s";201397.284;3655.699;6.520;105.760;0.000;0.000;0.871
"b_CorylusAvellana_1f";209410.798;6196.052;10.300;302.325;0.000;0.000;0.762
"b_SambucusNigra_2s";204805.047;6625.733;3.500;198.725;0.000;0.000;0.918
"b_CorylusAvellana_1f";209293.704;5904.963;8.420;358.427;0.000;0.000;0.801
"b_CorylusAvellana_1f";202099.367;4087.256;3.120;91.298;0.000;0.000;1.022
"b_SambucusNigra_2s";203701.342;5985.318;2.360;83.596;0.000;0.000;1.022
"b_CorylusAvellana_1f";209038.842;5815.328;7.580;149.482;0.000;0.000;0.860
"b_SambucusNigra_2s";209720.622;6331.642;11.320;113.660;0.000;0.000;0.952
"b_RosaCanina_1s";208974.059;5804.240;12.230;60.082;0.000;0.000;1.198
"b_RosaCanina_1s";209669.181;6559.542;2.840;59.460;0.000;0.000;1.158
"b_RosaCanina_1s";208807.453;8304.922;4.700;316.188;0.000;0.000;0.806
"b_RosaCanina_1s";202673.637;4931.058;4.240;230.761;0.000;0.000;0.882
"b_SambucusNigra_2s";208332.710;7912.003;8.030;52.482;0.000;0.000;0.854
"b_SambucusNigra_2s";203940.668;3948.765;3.520;191.053;0.000;0.000;0.842
"b_RosaCanina_1s";206235.089;4839.102;7.410;142.338;0.000;0.000;1.067
"b_RosaCanina_1s";208682.891;8354.563;2.910;127.700;0.000;0.000;1.172
"b_CorylusAvellana_1f";209493.528;8943.933;3.480;78.821;0.000;0.000;0.887
"b_RosaCanina_1s";209699.036;10005.136;14.980;273.940;0.000;0.000;1.089
"b_SambucusNigra_2s";209337.876;6017.401;10.700;117.692;0.000;0.000;0.961
"b_RosaCanina_1s";209651.788;6252.376;5.790;304.200;0.000;0.000;1.028
"b_RosaCanina_1s";209548.672;9668.697;6.770;197.372;0.000;0.000;1.156
"b_CorylusAvellana_1f";203734.998;5554.273;8.770;332.001;0.000;0.000;1.015
"b_CorylusAvellana_1f";201681.488;3330.880;6.930;196.140;0.000;0.000;1.072
"b_RosaCanina_1s";204941.277;4320.409;1.480;220.802;0.000;0.000;1.146
"b_CorylusAvellana_1f";208400.159;7954.158;11.510;340.380;0.000;0.000;0.779
"b_CorylusAvellana_1f";202601.571;3384.309;11.490;182.326;0.000;0.000;0.729
"b_CorylusAvellana_1f";206048.546;4404.746;13.530;172.494;0.000;0.000;0.926
"b_SambucusNigra_2s";204126.531;6012.310;1.800;75.161;0.000;0.000;1.023
"b_CorylusAvellana_1f";209323.725;7285.160;10.820;200.567;0.000;0.000;1.089
"b_SambucusNigra_2s";204791.551;6603.445;6.170;115.126;0.000;0.000;0.920
"b_CorylusAvellana_1f";206096.759;4391.970;5.760;88.078;0.000;0.000;0.948
"b_RosaCanina_1s";209763.125;6357.503;10.750;232.138;0.000;0.000;1.056
"b_RosaCanina_1s";204895.227;4392.922;8.790;261.671;0.000;0.000;0.790
"b_SambucusNigra_2s";209988.941;9863.414;11.470;90.538;0.000;0.000;1.139
"b_RosaCanina_1s";203610.176;5941.170;1.780;282.982;0.000;0.000;0.952
"b_RosaCanina_1s";204719.680;6601.891;2.570;128.347;0.000;0.000;1.016
"b_RosaCanina_1s";209263.986;5928.938;12.460;35.148;0.000;0.000;0.926
"b_SambucusNigra_2s";206726.531;7373.482;10.410;88.045;0.000;0.000;0.916
"b_RosaCanina_1s";204980.101;4337.161;1.380;64.344;0.000;0.000;1.137
"b_RosaCanina_1s";206169.230;4842.526;9.290;343.212;0.000;0.000;0.884
"b_CorylusAvellana_1f";209920.911;6453.644;5.970;270.411;0.000;0.000;0.768
"b_CorylusAvellana_1f";209143.351;7606.032;8.070;254.770;0.000;0.000;0.825
"b_SambucusNigra_2s";209436.686;9044.830;13.470;262.470;0.000;0.000;1.165
"b_CorylusAvellana_1f";202255.665;4158.890;3.260;338.894;0.000;0.000;0.995
"b_SambucusNigra_2s";203058.413;4915.640;4.740;275.636;0.000;0.000;0.872
"b_CorylusAvellana_1f";200684.791;3785.929;12.120;135.686;0.000;0.000;0.841
"b_CorylusAvellana_1f";203356.863;5111.738;4.760;241.249;0.000;0.000;1.105
"b_CorylusAvellana_1f";208859.563;5700.922;7.490;345.963;0.000;0.000;0.969
"b_CorylusAvellana_1f";209281.704;8358.200;3.670;165.711;0.000;0.000;0.767
"b_CorylusAvellana_1f";208993.282;8316.237;11.350;159.126;0.000;0.000;0.939
"b_CorylusAvellana_1f";202379.272;3292.422;7.780;97.735;0.000;0.000;1.013
"b_RosaCanina_1s";209987.656;10066.136;11.650;272.089;0.000;0.000;0.985
"b_SambucusNigra_2s";205774.306;7092.541;2.110;203.289;0.000;0.000;0.990
"b_SambucusNigra_2s";208110.544;5850.762;6.630;224.083;0.000;0.000;1.007
"b_RosaCanina_1s";204027.498;5944.532;7.600;14.272;0.000;0.000;1.116
"b_CorylusAvellana_1f";204891.559;4482.322;12.250;178.034;0.000;0.000;0.836
"b_RosaCanina_1s";208743.411;8211.917;1.990;2.885;0.000;0.000;0.772
"b_CorylusAvellana_1f";206591.195;4511.424;3.690;187.856;0.000;0.000;0.732
"b_RosaCanina_1s";209568.151;6657.179;2.160;120.036;0.000;0.000;0.824
"b_RosaCanina_1s";208923.358;5726.823;4.200;2.683;0.000;0.000;1.022
"b_SambucusNigra_2s";206435.997;4883.922;10.990;76.010;0.000;0.000;0.900
"b_SambucusNigra_2s";202506.891;3138.657;4.080;86.161;0.000;0.000;1.007
"b_CorylusAvellana_1f";204617.001;6529.941;6.470;157.237;0.000;0.000;0.770
"b_CorylusAvellana_1f";206055.414;3888.176;12.050;126.704;0.000;0.000;1.143
"b_RosaCanina_1s";201994.142;4119.073;3.320;348.191;0.000;0.000;0.920
"b_CorylusAvellana_1f";209179.492;7627.151;3.920;207.298;0.000;0.000;1.093
"b_RosaCanina_1s";203683.769;5596.552;2.640;144.428;0.000;0.000;0.962
"b_RosaCanina_1s";209603.062;9437.769;8.890;144.967;0.000;0.000;0.975
"b_SambucusNigra_2s";210010.178;9930.895;9.430;150.956;0.000;0.000;0.836
"b_RosaCanina_1s";209086.390;7822.363;1.310;334.175;0.000;0.000;1.164
"b_SambucusNigra_2s";208835.334;9059.352;11.590;350.881;0.000;0.000;0.993
"b_SambucusNigra_2s";209505.059;9098.089;8.480;142.226;0.000;0.000;0.715
"b_RosaCanina_1s";207302.600;7506.274;14.570;246.910;0.000;0.000;1.085
"b_CorylusAvellana_1f";209736.229;10059.802;12.380;57.509;0.000;0.000;1.170
"b_RosaCanina_1s";209646.520;6551.927;2.800;323.087;0.000;0.000;0.898
"b_SambucusNigra_2s";203823.044;3930.608;9.910;238.445;0.000;0.000;0.898
"b_SambucusNigra_2s";209781.346;9698.468;10.900;197.811;0.000;0.000;0.829
"b_RosaCanina_1s";203110.475;3713.667;2.450;106.535;0.000;0.000;1.136
"b_CorylusAvellana_1f";206094.548;4529.286;8.550;135.045;0.000;0.000;1.075
"b_CorylusAvellana_1f";209376.564;5799.079;3.120;238.146;0.000;0.000;0.973
"b_SambucusNigra_2s";209798.305;6302.819;5.380;135.322;0.000;0.000;0.757
"b_RosaCanina_1s";209395.581;8404.762;4.550;256.212;0.000;0.000;0.929
"b_RosaCanina_1s";203219.662;5023.969;1.170;57.006;0.000;0.000;0.869
"b_CorylusAvellana_1f";209310.687;8946.233;10.350;35.774;0.000;0.000;0.706
"b_SambucusNigra_2s";209849.746;6485.524;6.000;292.148;0.000;0.000;1.153
"b_CorylusAvellana_1f";209219.548;8559.576;9.210;352.974;0.000;0.000;1.032
"b_SambucusNigra_2s";206071.845;4526.063;12.250;45.250;0.000;0.000;0.946
"b_SambucusNigra_2s";209006.171;8292.596;14.840;7.071;0.000;0.000;1.013
"b_SambucusNigra_2s";202298.114;4345.471;8.110;111.733;0.000;0.000;0.791
"b_SambucusNigra_2s";209327.444;5950.048;4.100;12.246;0.000;0.000;0.784
"b_CorylusAvellana_1f";209167.228;7634.826;4.030;135.873;0.000;0.000;0.865
"b_RosaCanina_1s";201334.399;3755.588;1.980;28.800;0.000;0.000;0.835
"b_CorylusAvellana_1f";209407.830;8499.534;5.620;192.539;0.000;0.000;0.764
"b_RosaCanina_1s";209404.848;6142.021;8.970;258.333;0.000;0.000;1.076
"b_SambucusNigra_2s";208983.447;8314.228;10.570;248.968;0.000;0.000;1.109
"b_RosaCanina_1s";209428.344;6289.220;13.300;6.121;0.000;0.000;1.087
"b_RosaCanina_1s";202408.658;4543.573;3.600;22.588;0.000;0.000;0.914
"b_CorylusAvellana_1f";202610.656;4693.802;8.280;350.940;0.000;0.000;1.157
"b_SambucusNigra_2s";202542.700;4555.689;13.460;128.671;0.000;0.000;1.110
"b_SambucusNigra_2s";209215.503;8162.245;13.740;340.500;0.000;0.000;1.159
"b_CorylusAvellana_1f";208896.197;5741.876;8.030;330.855;0.000;0.000;0.986
"b_SambucusNigra_2s";201301.247;3489.751;1.340;226.346;0.000;0.000;0.984
"b_SambucusNigra_2s";209011.012;7903.211;3.770;149.233;0.000;0.000;0.790
"b_RosaCanina_1s";209261.327;8573.685;5.320;94.827;0.000;0.000;1.094
"b_SambucusNigra_2s";208707.975;5688.492;9.870;169.213;0.000;0.000;0.761
"b_CorylusAvellana_1f";204673.389;6465.418;11.980;162.189;0.000;0.000;1.197
"b_SambucusNigra_2s";205989.675;7039.714;12.320;179.458;0.000;0.000;0.881
"b_CorylusAvellana_1f";201628.721;3791.398;2.870;226.552;0.000;0.000;0.781
"b_SambucusNigra_2s";209716.114;10075.115;7.280;197.455;0.000;0.000;0.997
"b_CorylusAvellana_1f";204680.614;6605.807;1.430;203.391;0.000;0.000;1.146
"b_SambucusNigra_2s";209673.238;6570.920;1.850;141.331;0.000;0.000;0.875
"b_RosaCanina_1s";206055.585;4766.244;10.110;168.907;0.000;0.000;0.773
"b_RosaCanina_1s";203185.964;4940.529;4.430;353.444;0.000;0.000;0.928
"b_RosaCanina_1s";200629.677;3763.531;14.370;286.114;0.000;0.000;0.905
"b_SambucusNigra_2s";208123.034;5935.406;9.610;117.041;0.000;0.000;0.889
"b_CorylusAvellana_1f";209455.738;6886.359;2.060;75.385;0.000;0.000;1.131
"b_CorylusAvellana_1f";208978.801;8404.743;4.850;271.717;0.000;0.000;0.771
"b_RosaCanina_1s";206896.219;7442.616;2.230;113.657;0.000;0.000;1.195
"b_SambucusNigra_2s";208105.634;6097.192;13.140;280.018;0.000;0.000;1.196
"b_CorylusAvellana_1f";204517.334;6537.212;4.450;271.907;0.000;0.000;0.906
"b_RosaCanina_1s";203848.448;3900.387;2.960;161.686;0.000;0.000;0.915
"b_RosaCanina_1s";203959.696;3951.653;4.280;20.449;0.000;0.000;0.955
"b_CorylusAvellana_1f";208565.922;8102.537;1.290;326.772;0.000;0.000;0.977
"b_RosaCanina_1s";203718.467;5570.207;6.480;3.555;0.000;0.000;0.854
"b_RosaCanina_1s";209339.991;7142.059;14.870;269.842;0.000;0.000;0.728
"b_SambucusNigra_2s";205452.883;6937.916;6.180;125.626;0.000;0.000;0.816
"b_SambucusNigra_2s";201369.053;3714.474;5.350;342.898;0.000;0.000;1.117
"b_SambucusNigra_2s";201689.500;3353.891;12.310;257.793;0.000;0.000;0.914
"b_RosaCanina_1s";200910.552;3829.624;8.190;347.529;0.000;0.000;0.751
"b_CorylusAvellana_1f";209041.379;8046.796;7.090;175.141;0.000;0.000;1.016
"b_CorylusAvellana_1f";207997.197;5573.598;2.560;64.854;0.000;0.000;1.147
"b_SambucusNigra_2s";201457.730;3747.953;5.540;356.656;0.000;0.000;1.052
"b_RosaCanina_1s";209018.321;8460.911;7.250;227.946;0.000;0.000;0.890
"b_SambucusNigra_2s";209486.637;8924.306;2.930;140.417;0.000;0.000;1.054
"b_CorylusAvellana_1f";209822.420;10053.226;14.620;65.789;0.000;0.000;0.724
"b_CorylusAvellana_1f";206087.278;4356.347;8.570;158.671;0.000;0.000;0.932
"b_RosaCanina_1s";201863.477;3338.980;11.180;110.162;0.000;0.000;1.140
"b_RosaCanina_1s";203387.667;3809.198;6.930;292.222;0.000;0.000;1.093
"b_CorylusAvellana_1f";207099.957;7432.371;9.580;188.657;0.000;0.000;0.748
"b_SambucusNigra_2s";202760.325;3508.460;4.950;245.924;0.000;0.000;0.899
"b_SambucusNigra_2s";202354.435;4433.101;11.700;204.851;0.000;0.000;0.853
"b_SambucusNigra_2s";209275.257;5760.896;4.760;203.378;0.000;0.000;0.882
"b_CorylusAvellana_1f";206603.065;4596.150;3.540;24.184;0.000;0.000;1.018
"b_SambucusNigra_2s";209971.518;10004.067;14.190;271.859;0.000;0.000;1.174
"b_RosaCanina_1s";209385.947;6076.088;7.790;66.311;0.000;0.000;1.045
"b_CorylusAvellana_1f";206005.424;4839.367;14.640;156.179;0.000;0.000;0.722
"b_CorylusAvellana_1f";201465.957;3638.229;4.720;247.205;0.000;0.000;1.009
"b_CorylusAvellana_1f";209536.630;8980.991;4.300;250.798;0.000;0.000;0.906
"b_SambucusNigra_2s";207507.275;5139.462;8.180;256.386;0.000;0.000;0.818
"b_RosaCanina_1s";206594.067;4289.761;6.180;244.596;0.000;0.000;1.105
"b_CorylusAvellana_1f";200738.103;3815.791;4.500;103.390;0.000;0.000;0.827
"b_SambucusNigra_2s";206278.742;4870.609;12.130;17.523;0.000;0.000;0.799
"b_RosaCanina_1s";200889.480;3786.681;14.730;181.408;0.000;0.000;0.760
"b_SambucusNigra_2s";200895.738;3561.139;1.510;46.631;0.000;0.000;1.099
"b_SambucusNigra_2s";209217.388;8277.078;13.210;25.851;0.000;0.000;1.082
"b_CorylusAvellana_1f";209605.337;6192.636;8.380;309.764;0.000;0.000;1.190
"b_CorylusAvellana_1f";209606.341;9787.162;14.140;124.802;0.000;0.000;0.978
"b_SambucusNigra_2s";209887.841;9711.596;9.780;19.292;0.000;0.000;0.971
"b_SambucusNigra_2s";209309.868;5807.037;8.470;350.991;0.000;0.000;0.858
"b_SambucusNigra_2s";204403.146;6389.545;7.770;36.934;0.000;0.000;0.932
"b_CorylusAvellana_1f";208976.849;8332.553;8.390;14.648;0.000;0.000;1.170
"b_CorylusAvellana_1f";209037.619;7987.893;3.590;177.339;0.000;0.000;0.872
"b_SambucusNigra_2s";206075.815;4554.033;14.780;201.908;0.000;0.000;1.132
"b_SambucusNigra_2s";202247.470;4075.300;9.180;344.553;0.000;0.000;1.078
"b_RosaCanina_1s";206601.017;4601.087;2.870;201.965;0.000;0.000;0.728
"b_CorylusAvellana_1f";208029.703;5819.694;6.610;204.164;0.000;0.000;1.136
"b_SambucusNigra_2s";205875.657;7089.946;4.210;210.829;0.000;0.000;1.027
"b_RosaCanina_1s";208589.902;5683.897;9.680;76.070;0.000;0.000;1.043
"b_SambucusNigra_2s";207446.957;7678.509;5.820;261.127;0.000;0.000;0.788
"b_SambucusNigra_2s";209078.859;7913.748;1.680;106.027;0.000;0.000;1.196
"b_CorylusAvellana_1f";206611.381;7410.124;1.360;11.394;0.000;0.000;1.187
"b_RosaCanina_1s";201671.549;3315.358;1.520;294.023;0.000;0.000;0.713
"b_RosaCanina_1s";204963.690;4377.832;5.570;199.895;0.000;0.000;0.945
"b_RosaCanina_1s";204167.648;6047.664;2.070;71.988;0.000;0.000;0.740
"b_CorylusAvellana_1f";203098.736;4872.881;8.770;144.159;0.000;0.000;0.858
"b_CorylusAvellana_1f";201388.170;3753.005;3.890;176.034;0.000;0.000;1.124
"b_SambucusNigra_2s";203791.672;5983.486;9.270;219.654;0.000;0.000;0.967
"b_SambucusNigra_2s";209104.260;8584.288;8.960;160.826;0.000;0.000;1.030
"b_CorylusAvellana_1f";209510.744;8416.197;1.330;10.208;0.000;0.000;0.923
"b_SambucusNigra_2s";209422.410;8405.535;3.940;317.401;0.000;0.000;0.850
"b_RosaCanina_1s";207984.913;7962.751;5.920;233.361;0.000;0.000;1.086
"b_RosaCanina_1s";203697.906;5185.176;12.030;224.003;0.000;0.000;0.785
"b_SambucusNigra_2s";201273.851;3557.775;4.410;15.455;0.000;0.000;0.730
"b_SambucusNigra_2s";203149.066;4962.914;2.040;196.347;0.000;0.000;0.746
"b_SambucusNigra_2s";209236.313;7469.843;8.350;295.459;0.000;0.000;0.767
"b_RosaCanina_1s";209261.597;8526.685;7.260;224.921;0.000;0.000;1.068
"b_CorylusAvellana_1f";206381.425;4877.542;7.920;213.366;0.000;0.000;0.756
"b_SambucusNigra_2s";202544.005;4563.121;10.040;155.820;0.000;0.000;0.960
"b_RosaCanina_1s";206317.463;4242.770;1.230;115.471;0.000;0.000;0.838
"b_CorylusAvellana_1f";209460.542;8413.006;2.600;179.545;0.000;0.000;1.184
"b_RosaCanina_1s";208318.670;5903.475;14.810;3.702;0.000;0.000;0.836
"b_CorylusAvellana_1f";209546.383;6650.792;2.940;233.045;0.000;0.000;1.157
"b_RosaCanina_1s";207977.888;5932.664;13.570;3.044;0.000;0.000;0.844
"b_CorylusAvellana_1f";209393.210;6048.576;3.780;46.658;0.000;0.000;0.748
"b_SambucusNigra_2s";203722.324;5937.754;9.950;14.700;0.000;0.000;1.096
"b_SambucusNigra_2s";206253.139;4854.529;9.290;260.261;0.000;0.000;1.073
"b_CorylusAvellana_1f";201824.635;3208.305;1.890;148.450;0.000;0.000;0.847
"b_RosaCanina_1s";209898.368;6467.554;7.630;19.667;0.000;0.000;1.200
"b_RosaCanina_1s";201792.285;3318.097;6.570;230.205;0.000;0.000;0.937
"b_SambucusNigra_2s";209293.092;8261.167;4.130;296.440;0.000;0.000;0.911
"b_CorylusAvellana_1f";206102.735;7184.050;3.750;129.377;0.000;0.000;1.012
"b_CorylusAvellana_1f";208592.554;5716.209;13.590;299.712;0.000;0.000;1.178
"b_RosaCanina_1s";209589.185;9986.946;10.800;257.379;0.000;0.000;0.787
"b_RosaCanina_1s";209016.896;7910.840;3.670;119.460;0.000;0.000;0.713
"b_CorylusAvellana_1f";205073.108;4392.725;6.360;57.410;0.000;0.000;0.826
"b_CorylusAvellana_1f";201898.809;3306.762;6.690;245.135;0.000;0.000;1.139
"b_RosaCanina_1s";209996.446;9724.682;3.950;25.615;0.000;0.000;0.941
"b_SambucusNigra_2s";208493.852;5745.586;13.570;212.833;0.000;0.000;0.936
"b_SambucusNigra_2s";203157.801;4943.875;3.340;125.100;0.000;0.000;1.136
"b_RosaCanina_1s";207129.390;7442.449;10.070;334.778;0.000;0.000;1.077
"b_SambucusNigra_2s";206006.660;7093.421;5.710;220.164;0.000;0.000;0.981
"b_CorylusAvellana_1f";205583.476;4174.492;13.700;130.761;0.000;0.000;0.988
"b_CorylusAvellana_1f";208731.135;8074.095;11.150;153.451;0.000;0.000;1.124
"b_SambucusNigra_2s";206610.304;4267.389;6.390;51.405;0.000;0.000;0.947
"b_SambucusNigra_2s";203674.028;5931.102;6.740;264.804;0.000;0.000;0.759
"b_CorylusAvellana_1f";204166.638;4200.554;10.170;70.705;0.000;0.000;1.152
"b_CorylusAvellana_1f";203649.104;5162.407;7.220;324.481;0.000;0.000;0.764
"b_CorylusAvellana_1f";209269.238;8989.909;10.810;272.572;0.000;0.000;1.076
"b_CorylusAvellana_1f";209006.723;8441.869;6.770;326.114;0.000;0.000;1.087
"b_SambucusNigra_2s";209062.982;8660.885;2.200;149.778;0.000;0.000;0.855
"b_CorylusAvellana_1f";207813.925;7758.514;8.010;310.504;0.000;0.000;0.904
"b_CorylusAvellana_1f";200561.373;3781.425;8.540;134.628;0.000;0.000;1.081
"b_CorylusAvellana_1f";207138.643;7512.319;3.040;14.423;0.000;0.000;0.785
"b_CorylusAvellana_1f";201292.534;3583.691;6.370;63.921;0.000;0.000;0.826
"b_SambucusNigra_2s";208952.075;9081.141;4.650;117.826;0.000;0.000;1.194
"b_SambucusNigra_2s";209069.124;7670.123;9.030;119.732;0.000;0.000;1.030
"b_RosaCanina_1s";200827.992;3802.300;8.360;36.939;0.000;0.000;0.740
"b_RosaCanina_1s";209969.152;9836.856;11.540;259.482;0.000;0.000;1.161
"b_RosaCanina_1s";206142.915;4831.899;5.810;250.164;0.000;0.000;1.185
"b_RosaCanina_1s";203220.866;4993.452;2.780;34.822;0.000;0.000;0.759
"b_CorylusAvellana_1f";209353.965;7277.771;5.540;345.522;0.000;0.000;1.067
"b_SambucusNigra_2s";209264.651;5918.504;11.830;63.744;0.000;0.000;1.019
"b_CorylusAvellana_1f";205037.875;3891.007;13.470;278.786;0.000;0.000;0.751
"b_RosaCanina_1s";209088.414;8054.390;5.820;208.125;0.000;0.000;0.789
"b_CorylusAvellana_1f";209533.673;9945.909;10.680;126.929;0.000;0.000;0.766
"b_CorylusAvellana_1f";209504.137;6587.390;10.230;27.627;0.000;0.000;1.176
"b_CorylusAvellana_1f";201799.208;3302.776;5.690;80.178;0.000;0.000;0.865
"b_SambucusNigra_2s";203684.915;5635.730;3.960;103.581;0.000;0.000;0.986
"b_RosaCanina_1s";209255.973;8902.723;5.180;281.837;0.000;0.000;0.981
"b_SambucusNigra_2s";201477.690;3700.721;6.860;49.537;0.000;0.000;0.914
"b_CorylusAvellana_1f";202032.428;3418.000;12.220;337.988;0.000;0.000;0.839
"b_RosaCanina_1s";208087.472;6071.231;12.740;346.163;0.000;0.000;0.906
"b_SambucusNigra_2s";209684.489;6562.838;2.510;323.677;0.000;0.000;0.724
"b_SambucusNigra_2s";208253.514;7866.701;10.270;263.459;0.000;0.000;0.869
"b_CorylusAvellana_1f";204704.657;4301.956;1.640;283.213;0.000;0.000;0.855
"b_RosaCanina_1s";204834.005;6651.494;3.100;352.692;0.000;0.000;1.139
"b_SambucusNigra_2s";208844.310;8166.869;6.540;225.702;0.000;0.000;0.980
"b_RosaCanina_1s";202672.326;4860.623;7.650;114.808;0.000;0.000;0.908
"b_RosaCanina_1s";209491.409;6146.900;7.160;310.865;0.000;0.000;0.912
"b_SambucusNigra_2s";209844.756;9715.502;10.650;355.692;0.000;0.000;0.797
"b_SambucusNigra_2s";204772.723;6582.069;8.190;83.064;0.000;0.000;0.783
"b_RosaCanina_1s";204918.572;4321.309;2.230;25.575;0.000;0.000;1.000
"b_SambucusNigra_2s";208893.201;9056.497;8.480;88.552;0.000;0.000;1.172
"b_RosaCanina_1s";209239.994;7576.923;1.700;89.189;0.000;0.000;1.088
"b_RosaCanina_1s";204267.185;6694.069;1.410;252.112;0.000;0.000;1.190
"b_CorylusAvellana_1f";209328.851;8964.426;12.910;229.691;0.000;0.000;0.813
"b_CorylusAvellana_1f";206057.678;3937.032;14.230;225.987;0.000;0.000;0.737
"b_CorylusAvellana_1f";208002.198;5902.626;11.900;167.301;0.000;0.000;1.063
"b_CorylusAvellana_1f";201571.619;3611.988;11.820;143.959;0.000;0.000;0.784
"b_RosaCanina_1s";209502.636;6627.291;5.800;240.939;0.000;0.000;0.832
"b_CorylusAvellana_1f";208974.526;7742.196;10.490;354.259;0.000;0.000;0.736
"b_CorylusAvellana_1f";206003.682;7159.488;2.390;358.604;0.000;0.000;1.096
"b_RosaCanina_1s";209703.502;9657.137;8.570;279.486;0.000;0.000;0.743
"b_CorylusAvellana_1f";208794.727;9168.604;10.470;153.549;0.000;0.000;0.977
"b_SambucusNigra_2s";206361.168;7349.468;10.700;298.600;0.000;0.000;0.786
"b_SambucusNigra_2s";206454.136;7396.705;1.520;100.007;0.000;0.000;0.780
"b_CorylusAvellana_1f";209719.375;6468.925;14.240;121.461;0.000;0.000;1.047
"b_SambucusNigra_2s";209897.927;9720.495;10.520;31.893;0.000;0.000;0.803
"b_CorylusAvellana_1f";204970.979;4445.958;11.420;355.408;0.000;0.000;1.067
"b_SambucusNigra_2s";203112.888;4865.347;10.930;21.218;0.000;0.000;1.051
"b_SambucusNigra_2s";206084.376;4328.101;10.730;284.912;0.000;0.000;0.881
"b_RosaCanina_1s";201519.910;3649.214;8.460;10.951;0.000;0.000;1.117
"b_CorylusAvellana_1f";208754.897;9133.138;9.300;152.371;0.000;0.000;0.931
"b_RosaCanina_1s";207427.716;7692.440;6.790;359.100;0.000;0.000;1.019
"b_CorylusAvellana_1f";207097.943;7393.627;14.020;62.284;0.000;0.000;0.919
"b_CorylusAvellana_1f";206630.092;4591.582;14.260;101.751;0.000;0.000;0.706
"b_SambucusNigra_2s";204262.813;6241.852;2.860;240.241;0.000;0.000;0.884
"b_SambucusNigra_2s";209367.693;8197.502;2.700;184.604;0.000;0.000;0.811
"b_CorylusAvellana_1f";202338.522;4476.778;4.050;270.468;0.000;0.000;0.743
"b_CorylusAvellana_1f";208250.896;7853.704;11.080;61.281;0.000;0.000;1.161
"b_SambucusNigra_2s";208937.468;7732.435;14.310;45.955;0.000;0.000;0.787
"b_SambucusNigra_2s";208856.077;9019.091;2.950;212.255;0.000;0.000;0.862
"b_SambucusNigra_2s";201494.375;3690.129;7.040;321.385;0.000;0.000;0.811
"b_CorylusAvellana_1f";209767.015;9508.968;13.040;290.648;0.000;0.000;0.741
"b_RosaCanina_1s";209705.866;9696.326;14.340;310.708;0.000;0.000;1.188
"b_CorylusAvellana_1f";208694.798;8147.506;2.110;224.140;0.000;0.000;0.961
"b_CorylusAvellana_1f";209821.003;6320.965;4.820;115.918;0.000;0.000;0.735
"b_RosaCanina_1s";209752.742;6349.765;10.340;83.566;0.000;0.000;0.872
"b_SambucusNigra_2s";204211.837;6054.369;2.980;69.454;0.000;0.000;1.119
"b_SambucusNigra_2s";208888.917;8261.131;6.800;186.870;0.000;0.000;1.129
"b_RosaCanina_1s";203824.669;5981.312;12.940;55.169;0.000;0.000;1.138
"b_RosaCanina_1s";202113.686;4046.259;10.980;343.599;0.000;0.000;1.042
"b_SambucusNigra_2s";203895.081;6056.493;1.870;4.785;0.000;0.000;0.927
"b_RosaCanina_1s";202502.322;4559.113;8.440;127.696;0.000;0.000;0.876
"b_CorylusAvellana_1f";210023.408;10050.792;8.490;185.751;0.000;0.000;0.758
"b_SambucusNigra_2s";201549.632;3763.783;2.250;58.720;0.000;0.000;1.159
"b_SambucusNigra_2s";205688.646;7032.401;11.160;12.215;0.000;0.000;0.741
"b_CorylusAvellana_1f";205955.971;7062.250;10.940;340.091;0.000;0.000;0.765
"b_RosaCanina_1s";208992.677;5760.476;6.600;177.960;0.000;0.000;0.866
"b_RosaCanina_1s";208943.929;8291.032;10.150;280.880;0.000;0.000;0.762
"b_CorylusAvellana_1f";206934.576;7380.843;14.220;257.257;0.000;0.000;1.099
"b_CorylusAvellana_1f";204804.930;4074.350;12.290;99.904;0.000;0.000;1.195
"b_SambucusNigra_2s";209967.241;10084.668;11.080;175.057;0.000;0.000;1.189
"b_CorylusAvellana_1f";208098.021;5915.703;9.390;241.384;0.000;0.000;0.867
"b_CorylusAvellana_1f";202495.121;3190.209;13.390;220.468;0.000;0.000;1.037
"b_RosaCanina_1s";206251.554;4800.684;2.730;127.607;0.000;0.000;1.048
"b_RosaCanina_1s";209224.514;9050.227;7.350;12.945;0.000;0.000;1.011
"b_SambucusNigra_2s";204854.483;4379.186;8.530;254.415;0.000;0.000;0.783
"b_SambucusNigra_2s";209883.190;6329.570;4.600;293.826;0.000;0.000;1.111
"b_SambucusNigra_2s";208111.616;6064.479;12.280;211.831;0.000;0.000;1.083
"b_CorylusAvellana_1f";201203.050;3756.672;10.730;220.816;0.000;0.000;1.011
"b_RosaCanina_1s";208032.032;6107.467;13.640;23.159;0.000;0.000;0.715
"b_RosaCanina_1s";203345.724;5036.795;10.970;340.848;0.000;0.000;0.709
"b_CorylusAvellana_1f";201398.812;3630.807;6.680;223.850;0.000;0.000;0.739
"b_RosaCanina_1s";209812.431;10053.919;14.550;220.887;0.000;0.000;0.702
"b_RosaCanina_1s";209832.995;9520.029;2.010;282.042;0.000;0.000;1.072
"b_CorylusAvellana_1f";209970.155;9702.919;3.690;140.213;0.000;0.000;0.755
"b_SambucusNigra_2s";209395.626;5997.271;4.700;16.508;0.000;0.000;0.918
"b_SambucusNigra_2s";209832.733;6419.736;10.490;32.958;0.000;0.000;0.814
"b_CorylusAvellana_1f";209448.773;8513.004;2.060;129.512;0.000;0.000;1.151
"b_RosaCanina_1s";210079.608;9936.598;2.030;139.387;0.000;0.000;1.021
"b_RosaCanina_1s";209585.959;6577.146;3.220;23.436;0.000;0.000;1.034
"b_CorylusAvellana_1f";200555.174;3869.234;1.960;201.291;0.000;0.000;1.172
"b_CorylusAvellana_1f";208685.705;8283.756;1.850;37.166;0.000;0.000;0.731
"b_CorylusAvellana_1f";202810.107;4913.842;12.930;4.844;0.000;0.000;1.025
"b_RosaCanina_1s";206864.449;4136.997;14.980;100.073;0.000;0.000;1.128
"b_SambucusNigra_2s";201722.221;3895.891;6.690;204.666;0.000;0.000;0.780
"b_RosaCanina_1s";206662.660;4518.466;12.200;267.003;0.000;0.000;1.070
"b_RosaCanina_1s";204727.215;6549.370;8.280;228.932;0.000;0.000;1.174
"b_SambucusNigra_2s";209124.892;8647.086;8.390;329.045;0.000;0.000;1.168
"b_SambucusNigra_2s";206822.261;7379.917;13.750;288.996;0.000;0.000;1.054
"b_RosaCanina_1s";208038.535;7944.634;3.110;252.879;0.000;0.000;1.122
"b_SambucusNigra_2s";201525.480;3641.620;8.600;241.837;0.000;0.000;0.793
"b_RosaCanina_1s";208991.205;7864.528;7.450;329.008;0.000;0.000;1.093
"b_SambucusNigra_2s";209589.394;9059.121;4.110;292.467;0.000;0.000;1.001
"b_CorylusAvellana_1f";208406.356;8023.741;5.690;78.488;0.000;0.000;1.031
"b_SambucusNigra_2s";208357.487;5829.086;12.740;62.143;0.000;0.000;1.164
"b_SambucusNigra_2s";209095.798;7993.560;3.580;46.793;0.000;0.000;0.943
"b_SambucusNigra_2s";209198.558;5781.011;8.340;156.290;0.000;0.000;1.145
"b_SambucusNigra_2s";209167.912;8110.579;11.070;280.340;0.000;0.000;1.116
"b_RosaCanina_1s";209512.043;6314.768;13.860;201.069;0.000;0.000;1.003
"b_RosaCanina_1s";210036.233;9746.537;1.620;346.874;0.000;0.000;0.828
"b_SambucusNigra_2s";209902.807;6375.766;4.860;144.458;0.000;0.000;0.992
"b_CorylusAvellana_1f";209921.771;10086.550;9.980;200.587;0.000;0.000;0.983
